experiment:
    learning_rate: [0.00004, 0.00002]
    clipping: [1, 1.3, 1.4, 1.5, 1.6]
    threshold: [0.21, 0.22, 0.23]
    # clipping: [1, 1.2, 1.4]




